       0.297081      -0.159775     -0.0410402     -0.0604902     0.00150875      -0.289592       -0.26589      0.0552871     0.00298199     0.00100504    -0.00859018     0.00217058      0.0412539        0.41295      -0.631582        0.15796      -0.023999      0.0127333
      -0.159775       0.204968      0.0242908      0.0451897     -0.0391369       0.156542      0.0759209     -0.0555602      0.0270008      0.0186817     0.00538955   -0.000448087       0.152694     -0.0214601       0.433255     -0.0983739       -0.11321      -0.008431
     -0.0410402      0.0242908      0.0535702      0.0256044     -0.0038345      0.0415027      0.0112461    -0.00506865     0.00133141     0.00202708   -0.000208152   -0.000498884      -0.213498     -0.0142975     -0.0115079     -0.0570038       0.162962    -0.00297013
     -0.0604902      0.0451897      0.0256044      0.0897699    -0.00838567      0.0599228      0.0267258      -0.012969   -0.000443549     0.00415202    0.000995521   -0.000128145      -0.357956       0.022032       0.176455      0.0158312       0.280293     0.00099332
     0.00150875     -0.0391369     -0.0038345    -0.00838567      0.0436667    -0.00142668      0.0164618      0.0137035    -0.00730385    -0.00409914   -0.000112699   -1.27487e-05     -0.0323679     -0.0781069     -0.0296391    -0.00022602       0.047033    -0.00204269
      -0.289592       0.156542      0.0415027      0.0599228    -0.00142668       0.306916       0.276732     -0.0571366    -0.00519028     -0.0047747    -0.00511131     -0.0163433     -0.0479704      -0.431504       0.631019      -0.161504      0.0197692     -0.0123748
       -0.26589      0.0759209      0.0112461      0.0267258      0.0164618       0.276732       0.412935     -0.0857129     -0.0488812     -0.0488484    0.000981691      -0.017556      0.0704697      -0.552716       0.572021     -0.0848194      -0.345621     -0.0121326
      0.0552871     -0.0555602    -0.00506865      -0.012969      0.0137035     -0.0571366     -0.0857129      0.0594078      0.0084243      0.0134942    -0.00118294     0.00401042      -0.060747      0.0338749      -0.144725      0.0105118       0.199453     0.00962115
     0.00298199      0.0270008     0.00133141   -0.000443549    -0.00730385    -0.00519028     -0.0488812      0.0084243       0.038807      0.0147017     0.00149748     0.00187845      0.0578389      0.0526309     0.00940035     -0.0204131      0.0388674    -0.00146971
     0.00100504      0.0186817     0.00202708     0.00415202    -0.00409914     -0.0047747     -0.0488484      0.0134942      0.0147017      0.0454439     0.00163637     0.00412652     0.00521379      0.0470575      0.0110091     -0.0114062       0.105142      0.0119797
    -0.00859018     0.00538955   -0.000208152    0.000995521   -0.000112699    -0.00511131    0.000981691    -0.00118294     0.00149748     0.00163637      0.0134026     0.00754362      0.0139549     0.00357056      0.0112935    0.000120443     -0.0131651   -0.000850243
     0.00217058   -0.000448087   -0.000498884   -0.000128145   -1.27487e-05     -0.0163433      -0.017556     0.00401042     0.00187845     0.00412652     0.00754362       0.014123    -0.00368709      0.0247937     -0.0104329     0.00529667      0.0196316    0.000302145
      0.0412539       0.152694      -0.213498      -0.357956     -0.0323679     -0.0479704      0.0704697      -0.060747      0.0578389     0.00521379      0.0139549    -0.00368709        3.19951      -0.251143       0.211159      -0.165543       -2.53555     -0.0431358
        0.41295     -0.0214601     -0.0142975       0.022032     -0.0781069      -0.431504      -0.552716      0.0338749      0.0526309      0.0470575     0.00357056      0.0247937      -0.251143        1.15216       -0.75104        0.27587       0.240872         0.0682
      -0.631582       0.433255     -0.0115079       0.176455     -0.0296391       0.631019       0.572021      -0.144725     0.00940035      0.0110091      0.0112935     -0.0104329       0.211159       -0.75104        1.96638      -0.118152      -0.133129     -0.0493071
        0.15796     -0.0983739     -0.0570038      0.0158312    -0.00022602      -0.161504     -0.0848194      0.0105118     -0.0204131     -0.0114062    0.000120443     0.00529667      -0.165543        0.27587      -0.118152       0.257605      0.0470036      0.0478205
      -0.023999       -0.11321       0.162962       0.280293       0.047033      0.0197692      -0.345621       0.199453      0.0388674       0.105142     -0.0131651      0.0196316       -2.53555       0.240872      -0.133129      0.0470036        2.92218       0.124844
      0.0127333      -0.008431    -0.00297013     0.00099332    -0.00204269     -0.0123748     -0.0121326     0.00962115    -0.00146971      0.0119797   -0.000850243    0.000302145     -0.0431358         0.0682     -0.0493071      0.0478205       0.124844       0.124026
