       0.306584      -0.148766     -0.0561678     -0.0561442   -0.000973835      -0.302113      -0.285999       0.045629      0.0193743      0.0119907    -0.00962445    -0.00197139      0.0459673       0.442858      -0.646193       0.169035     -0.0315009       0.014194
      -0.148766       0.191845      0.0379715      0.0280651      -0.039573        0.14877      0.0682263     -0.0483367      0.0208282       0.015118     0.00414438    -0.00417631       0.234775     -0.0297364        0.40583      -0.100666      -0.170018    -0.00851616
     -0.0561678      0.0379715       0.050938      0.0277969    -0.00532926      0.0562567      0.0237412    -0.00728609   -8.21749e-05     0.00288426    -0.00182301    0.000951719      -0.202874     -0.0231317      0.0480373     -0.0588045       0.160747    -0.00471062
     -0.0561442      0.0280651      0.0277969      0.0775988    -0.00193035      0.0562179      0.0316333      -0.004024    -0.00990939     0.00140185     -0.0021514     0.00142909      -0.386182     0.00372685       0.144137     0.00726978       0.309177   -0.000391758
   -0.000973835      -0.039573    -0.00532926    -0.00193035      0.0444919    0.000658144      0.0204536      0.0134724    -0.00831047    -0.00514874   -0.000106051     0.00320565     -0.0769851     -0.0763188     -0.0259639     0.00144158      0.0790868    -0.00177267
      -0.302113        0.14877      0.0562567      0.0562179    0.000658144       0.305021       0.285328     -0.0459201     -0.0195965     -0.0120229     0.00571884    -0.00197312     -0.0483729      -0.439692       0.644094      -0.168024      0.0320674     -0.0131292
      -0.285999      0.0682263      0.0237412      0.0316333      0.0204536       0.285328       0.433707     -0.0754888     -0.0663185     -0.0594714      0.0138659    -0.00728159      0.0316962      -0.572963       0.594928     -0.0932055      -0.316189     -0.0110809
       0.045629     -0.0483367    -0.00728609      -0.004024      0.0134724     -0.0459201     -0.0754888        0.05519      0.0105882      0.0144493    -0.00303998     0.00589981      -0.106826      0.0258242       -0.11606      0.0103341       0.234934      0.0089139
      0.0193743      0.0208282   -8.21749e-05    -0.00990939    -0.00831047     -0.0195965     -0.0663185      0.0105882      0.0432259      0.0166919    0.000558232     0.00162252       0.114767      0.0643904     -0.0299849     -0.0202171      0.0042033   -0.000982861
      0.0119907       0.015118     0.00288426     0.00140185    -0.00514874     -0.0120229     -0.0594714      0.0144493      0.0166919      0.0466413    -0.00230535     0.00262359     0.00816447      0.0604812      -0.011871    -0.00857303       0.107991      0.0130864
    -0.00962445     0.00414438    -0.00182301     -0.0021514   -0.000106051     0.00571884      0.0138659    -0.00303998    0.000558232    -0.00230535       0.036659     0.00166249      0.0471974     -0.0224421      0.0210679    -0.00485695     -0.0470474    -0.00298162
    -0.00197139    -0.00417631    0.000951719     0.00142909     0.00320565    -0.00197312    -0.00728159     0.00589981     0.00162252     0.00262359     0.00166249      0.0370626     -0.0236103    -0.00863462   -0.000474499    -0.00506634      0.0415161    -0.00747116
      0.0459673       0.234775      -0.202874      -0.386182     -0.0769851     -0.0483729      0.0316962      -0.106826       0.114767     0.00816447      0.0471974     -0.0236103        4.16138      -0.255539       0.301969      -0.174689       -3.32363     -0.0429377
       0.442858     -0.0297364     -0.0231317     0.00372685     -0.0763188      -0.439692      -0.572963      0.0258242      0.0643904      0.0604812     -0.0224421    -0.00863462      -0.255539        1.15464      -0.808908       0.288146       0.233129      0.0688265
      -0.646193        0.40583      0.0480373       0.144137     -0.0259639       0.644094       0.594928       -0.11606     -0.0299849      -0.011871      0.0210679   -0.000474499       0.301969      -0.808908        1.96354      -0.152486      -0.176551     -0.0532032
       0.169035      -0.100666     -0.0588045     0.00726978     0.00144158      -0.168024     -0.0932055      0.0103341     -0.0202171    -0.00857303    -0.00485695    -0.00506634      -0.174689       0.288146      -0.152486       0.255618      0.0485598      0.0479083
     -0.0315009      -0.170018       0.160747       0.309177      0.0790868      0.0320674      -0.316189       0.234934      0.0042033       0.107991     -0.0470474      0.0415161       -3.32363       0.233129      -0.176551      0.0485598        3.61874       0.127107
       0.014194    -0.00851616    -0.00471062   -0.000391758    -0.00177267     -0.0131292     -0.0110809      0.0089139   -0.000982861      0.0130864    -0.00298162    -0.00747116     -0.0429377      0.0688265     -0.0532032      0.0479083       0.127107       0.126306
