       0.316855      -0.154433     -0.0575093     -0.0582464   -0.000804434      -0.309302      -0.299749      0.0496731      0.0200066      0.0135136    -0.00928968     0.00277026      0.0375402       0.454877      -0.664933       0.171907     -0.0091496      0.0143841
      -0.154433       0.194275      0.0387412      0.0292694     -0.0392166       0.151307      0.0735026     -0.0494347      0.0208822      0.0149344     0.00534547   -0.000566637       0.236698     -0.0361109        0.41525      -0.102644      -0.175594    -0.00970062
     -0.0575093      0.0387412      0.0508908      0.0277749    -0.00542815      0.0575882      0.0262316    -0.00800677    -0.00018595     0.00244573    0.000414849   -0.000535435      -0.198497     -0.0258406      0.0509921     -0.0593242       0.154563    -0.00474244
     -0.0582464      0.0292694      0.0277749      0.0776347    -0.00207588      0.0583756       0.035555    -0.00515759     -0.0100945    0.000719236    0.000739577   -0.000937098      -0.380033   -0.000453242       0.148728     0.00645648       0.299986   -0.000420741
   -0.000804434     -0.0392166    -0.00542815    -0.00207588      0.0442133    0.000855459      0.0211251      0.0129563    -0.00844991    -0.00539048   -6.50375e-05   -1.29425e-05     -0.0747181     -0.0756729     -0.0258866     0.00186137      0.0753015    -0.00113809
      -0.309302       0.151307      0.0575882      0.0583756    0.000855459       0.326524       0.310824     -0.0515712      -0.022405     -0.0175233    -0.00438509     -0.0169149     -0.0476871      -0.471949       0.664076      -0.175222     0.00646676     -0.0139054
      -0.299749      0.0735026      0.0262316       0.035555      0.0211251       0.310824       0.466086     -0.0825492     -0.0692742     -0.0653525     0.00176119     -0.0186923      0.0309491      -0.613327       0.625921      -0.102916       -0.34624     -0.0131615
      0.0496731     -0.0494347    -0.00800677    -0.00515759      0.0129563     -0.0515712     -0.0825492      0.0562888      0.0110406      0.0154855    -0.00115727     0.00405901      -0.105026      0.0364247      -0.124185      0.0132444       0.238419      0.0103089
      0.0200066      0.0208822    -0.00018595     -0.0100945    -0.00844991      -0.022405     -0.0692742      0.0110406      0.0435458      0.0173821      0.0012989     0.00236776        0.11506      0.0691501     -0.0321175      -0.019073     0.00616184    -0.00058737
      0.0135136      0.0149344     0.00244573    0.000719236    -0.00539048     -0.0175233     -0.0653525      0.0154855      0.0173821      0.0479145     0.00149753     0.00463234      0.0109408      0.0689296     -0.0162324    -0.00651407       0.110753      0.0136247
    -0.00928968     0.00534547    0.000414849    0.000739577   -6.50375e-05    -0.00438509     0.00176119    -0.00115727      0.0012989     0.00149753      0.0133976     0.00750775      0.0165364     0.00142615      0.0129617   -0.000138863     -0.0151792   -0.000957375
     0.00277026   -0.000566637   -0.000535435   -0.000937098   -1.29425e-05     -0.0169149     -0.0186923     0.00405901     0.00236776     0.00463234     0.00750775      0.0141159    -0.00102433      0.0246715     -0.0116507     0.00520542      0.0192806    0.000225578
      0.0375402       0.236698      -0.198497      -0.380033     -0.0747181     -0.0476871      0.0309491      -0.105026        0.11506      0.0109408      0.0165364    -0.00102433        4.11379      -0.254981       0.309491      -0.177468       -3.28026     -0.0461794
       0.454877     -0.0361109     -0.0258406   -0.000453242     -0.0756729      -0.471949      -0.613327      0.0364247      0.0691501      0.0689296     0.00142615      0.0246715      -0.254981          1.197      -0.840494       0.296888       0.278644      0.0672246
      -0.664933        0.41525      0.0509921       0.148728     -0.0258866       0.664076       0.625921      -0.124185     -0.0321175     -0.0162324      0.0129617     -0.0116507       0.309491      -0.840494        2.00002      -0.160101       -0.21555     -0.0541542
       0.171907      -0.102644     -0.0593242     0.00645648     0.00186137      -0.175222      -0.102916      0.0132444      -0.019073    -0.00651407   -0.000138863     0.00520542      -0.177468       0.296888      -0.160101       0.257158      0.0630184      0.0469684
     -0.0091496      -0.175594       0.154563       0.299986      0.0753015     0.00646676       -0.34624       0.238419     0.00616184       0.110753     -0.0151792      0.0192806       -3.28026       0.278644       -0.21555      0.0630184        3.60197       0.135159
      0.0143841    -0.00970062    -0.00474244   -0.000420741    -0.00113809     -0.0139054     -0.0131615      0.0103089    -0.00058737      0.0136247   -0.000957375    0.000225578     -0.0461794      0.0672246     -0.0541542      0.0469684       0.135159       0.124736
