      0.0805081     -0.0633835      0.0183829       0.029424      -0.020764     -0.0140503       0.033644     -0.0289015    -0.00240958    0.000460768    0.000676112    -0.00188872     -0.0560499     -0.0127902      0.0258398    -0.00827725     0.00329529     0.00159002     -0.0552858    -0.00471292     0.00611777     -0.0071534    -0.00335809     -0.0150939             -0             -0             -0              0              0      -0.156703     -0.0508708     -0.0968395     -0.0245972     -0.0343091    -0.00154285
     -0.0633835       0.139288    0.000495212     -0.0487596     0.00633459       0.031185      0.0148063      0.0114335     0.00841229     0.00229069     -0.0134954     0.00372299    -0.00514641      0.0306029      0.0144448     -0.0089511    -0.00268637     -0.0140732       0.053725      0.0213294     -0.0196141      0.0218566     0.00340846    -0.00554463              0             -0             -0              0              0     -0.0724681      0.0831644       0.197798       0.140879       0.113036     -0.0130568
      0.0183829    0.000495212      0.0251983     0.00223965     -0.0078664   -0.000426836      0.0156703    -0.00925209   -0.000149163    0.000225573    -0.00268843   -8.24988e-07     -0.0242838     0.00163146      0.0173792    -0.00548968    -0.00228517    -0.00245092    -0.00976957    -0.00242179    -0.00111018    0.000678047     0.00379015    -0.00585105             -0             -0              0             -0             -0      -0.114169      0.0168511     -0.0236511      0.0140213       0.067142    -0.00261426
       0.029424     -0.0487596     0.00223965      0.0467389    -0.00674815     -0.0128058     0.00180572    -0.00509963    -0.00390851    -0.00336204     0.00166779    0.000516801     0.00122523      -0.010766     -0.0121534     0.00606817     0.00237715     0.00505991     -0.0324553     0.00115437     0.00684566     -0.0145621    -0.00192146     0.00239314              0             -0             -0              0              0     -0.0154928     -0.0300047     -0.0405813     -0.0624393     -0.0560835     0.00495389
      -0.020764     0.00633459     -0.0078664    -0.00674815      0.0351605    0.000969424     -0.0118957      0.0166053     0.00291063    0.000307581     0.00221276   -0.000724924      0.0123512    -0.00267538    -0.00755275     0.00596036     0.00169288      0.0019252      0.0203085     0.00488497    -0.00202308      0.0044004     -0.0018026     0.00452519              0             -0              0             -0             -0      0.0528647     -0.0358867      0.0133872     -0.0169736      0.0173727     0.00068234
     -0.0140503       0.031185   -0.000426836     -0.0128058    0.000969424      0.0381071     0.00459387    0.000819717      0.0019627    0.000926506     -0.0031073    0.000794603    -0.00193278     0.00766034     0.00378151    -0.00313166   -0.000236822    -0.00358336      0.0113896     0.00461162    -0.00456471      0.0056461   -4.10595e-05    -0.00218369             -0              0              0              0             -0    -0.00732409      0.0199367       0.050038      0.0385213      0.0100587    -0.00421684
       0.033644      0.0148063      0.0156703     0.00180572     -0.0118957     0.00459387      0.0670915      -0.010502     0.00640335     0.00229287    -0.00772899   -0.000190826     -0.0663458    0.000943265      0.0308609    -0.00967337     0.00603986    -0.00559354     -0.0315726      0.0144474    -0.00953157     0.00692288    -0.00529915     -0.0193765              0             -0              0             -0             -0      -0.210414     -0.0641513      0.0530507      0.0206375      0.0313906     -0.0461991
     -0.0289015      0.0114335    -0.00925209    -0.00509963      0.0166053    0.000819717      -0.010502      0.0433445      0.0073869     -0.0013143     0.00100787   -0.000659336     0.00854221     -0.0072313     -0.0125139      0.0141467     0.00593414     0.00353075      0.0308613      0.0223078    -0.00643028     0.00637246    -0.00497906     0.00601826              0              0              0              0             -0      0.0142421      -0.100317      0.0499325     -0.0453901      0.0598475     0.00117581
    -0.00240958     0.00841229   -0.000149163    -0.00390851     0.00291063      0.0019627     0.00640335      0.0073869      0.0176214    0.000696505    -0.00111901   -0.000454971     -0.0111114    -0.00137587     0.00439487     0.00117571     0.00291731     -0.0003766     0.00711772     0.00890101    -0.00381303     0.00525221    -0.00291528    -0.00272816             -0             -0             -0             -0              0     -0.0269082     -0.0408099      0.0230466    0.000774519      0.0197933    -0.00411509
    0.000460768     0.00229069    0.000225573    -0.00336204    0.000307581    0.000926506     0.00229287     -0.0013143    0.000696505      0.0204573    0.000397279    -0.00116873    -0.00459711    0.000340983     0.00451283    -0.00196204    5.82134e-05   -0.000557013     0.00184348    -0.00173404   -0.000611763     0.00278342   -0.000378314     -0.0017747             -0              0             -0              0             -0    0.000968057    -0.00311441    -0.00399255     0.00812605     0.00193384     -0.0029238
    0.000676112     -0.0134954    -0.00268843     0.00166779     0.00221276     -0.0031073    -0.00772899     0.00100787    -0.00111901    0.000397279      0.0277409   -0.000939211     0.00615352    -0.00350647    -0.00265199     0.00121117   -0.000145253     0.00197627    0.000899186    -0.00512607     0.00249281   -0.000572994   -0.000283445     0.00198415              0              0              0              0             -0      0.0403103    -0.00855807     -0.0288427     -0.0144498       -0.01358     0.00267984
    -0.00188872     0.00372299   -8.24988e-07    0.000516801   -0.000724924    0.000794603   -0.000190826   -0.000659336   -0.000454971    -0.00116873   -0.000939211      0.0307541     0.00289522      0.0014764     -0.0024383    0.000343362   -0.000248303   -0.000387929    -0.00081561     0.00135125   -0.000143749    -0.00137049    0.000368251    0.000679367              0             -0              0             -0              0    -0.00151885     0.00978892      0.0113922     0.00271684    -0.00401473    0.000903488
     -0.0560499    -0.00514641     -0.0242838     0.00122523      0.0123512    -0.00193278     -0.0663458     0.00854221     -0.0111114    -0.00459711     0.00615352     0.00289522        0.10644     0.00563677     -0.0573256      0.0126206    -0.00792923     0.00565152      0.0187726     -0.0196956      0.0120002     -0.0181764     0.00674457      0.0279575              0              0             -0              0             -0       0.313197       0.125983    -0.00144637     -0.0320253      -0.121209      0.0268999
     -0.0127902      0.0306029     0.00163146      -0.010766    -0.00267538     0.00766034    0.000943265     -0.0072313    -0.00137587    0.000340983    -0.00350647      0.0014764     0.00563677      0.0195204     0.00290897    -0.00576966    -0.00392592    -0.00463118     0.00621044    -0.00385395    -0.00196718     0.00162897     0.00401619   -0.000422855             -0             -0             -0              0              0    -0.00324401      0.0701883      0.0328737      0.0475619      0.0110253   -0.000914463
      0.0258398      0.0144448      0.0173792     -0.0121534    -0.00755275     0.00378151      0.0308609     -0.0125139     0.00439487     0.00451283    -0.00265199     -0.0024383     -0.0573256     0.00290897       0.058897      -0.014213    -0.00242171     -0.0057509    0.000624904    -0.00511675    -0.00589259       0.014698     0.00327665     -0.0159117              0              0              0              0              0      -0.179672     -0.0066302     -0.0419534      0.0522697       0.129782     -0.0117223
    -0.00827725     -0.0089511    -0.00548968     0.00606817     0.00596036    -0.00313166    -0.00967337      0.0141467     0.00117571    -0.00196204     0.00121117    0.000343362      0.0126206    -0.00576966      -0.014213      0.0284158     0.00290582     0.00280137     0.00532996     0.00949577    0.000116524     -0.0030951    -0.00256211      0.0054586              0             -0              0             -0              0      0.0280817     -0.0423635      0.0141125     -0.0387372    -0.00590986     0.00547614
     0.00329529    -0.00268637    -0.00228517     0.00237715     0.00169288   -0.000236822     0.00603986     0.00593414     0.00291731    5.82134e-05   -0.000145253   -0.000248303    -0.00792923    -0.00392592    -0.00242171     0.00290582      0.0297426     0.00101188    -0.00140584      0.0111499    -0.00210226     0.00180564    -0.00567112    -0.00232224             -0             -0             -0              0              0    -0.00205858     -0.0549124      0.0276091     -0.0113803     -0.0304077    -0.00309708
     0.00159002     -0.0140732    -0.00245092     0.00505991      0.0019252    -0.00358336    -0.00559354     0.00353075     -0.0003766   -0.000557013     0.00197627   -0.000387929     0.00565152    -0.00463118     -0.0057509     0.00280137     0.00101188      0.0324845    -0.00164815     2.4465e-06      0.0018934    -0.00233866    -0.00111911     0.00238702              0              0             -0              0             -0      0.0248413     -0.0196421     -0.0151393     -0.0233049       -0.01417      0.0027269
     -0.0552858       0.053725    -0.00976957     -0.0324553      0.0203085      0.0113896     -0.0315726      0.0308613     0.00711772     0.00184348    0.000899186    -0.00081561      0.0187726     0.00621044    0.000624904     0.00532996    -0.00140584    -0.00164815      0.0709031     0.00996158    -0.00858658      0.0184071     0.00191255     0.00651281             -0             -0             -0             -0              0      0.0539192     -0.0109609      0.0452383      0.0359867       0.124127       0.020842
    -0.00471292      0.0213294    -0.00242179     0.00115437     0.00488497     0.00461162      0.0144474      0.0223078     0.00890101    -0.00173404    -0.00512607     0.00135125     -0.0196956    -0.00385395    -0.00511675     0.00949577      0.0111499     2.4465e-06     0.00996158      0.0476862    -0.00989145     0.00548112     -0.0111936    -0.00470103              0              0              0              0             -0     -0.0730854      -0.117785       0.116034     -0.0112485    -0.00392802    0.000951057
     0.00611777     -0.0196141    -0.00111018     0.00684566    -0.00202308    -0.00456471    -0.00953157    -0.00643028    -0.00381303   -0.000611763     0.00249281   -0.000143749      0.0120002    -0.00196718    -0.00589259    0.000116524    -0.00210226      0.0018934    -0.00858658    -0.00989145      0.0191785    -0.00587984     0.00146169     0.00328922              0             -0              0             -0             -0      0.0434095      0.0247703     -0.0394005     -0.0135355     -0.0320059     0.00627093
     -0.0071534      0.0218566    0.000678047     -0.0145621      0.0044004      0.0056461     0.00692288     0.00637246     0.00525221     0.00278342   -0.000572994    -0.00137049     -0.0181764     0.00162897       0.014698     -0.0030951     0.00180564    -0.00233866      0.0184071     0.00548112    -0.00587984      0.0317618    -0.00214296    -0.00617145             -0              0             -0              0             -0      -0.030173     -0.0331356      0.0194084      0.0281071      0.0465181    -0.00482638
    -0.00335809     0.00340846     0.00379015    -0.00192146     -0.0018026   -4.10595e-05    -0.00529915    -0.00497906    -0.00291528   -0.000378314   -0.000283445    0.000368251     0.00674457     0.00401619     0.00327665    -0.00256211    -0.00567112    -0.00111911     0.00191255     -0.0111936     0.00146169    -0.00214296      0.0317733      0.0026785             -0             -0              0             -0             -0     -0.0173374      0.0581421     -0.0315022     0.00847332      0.0533263     0.00299674
     -0.0150939    -0.00554463    -0.00585105     0.00239314     0.00452519    -0.00218369     -0.0193765     0.00601826    -0.00272816     -0.0017747     0.00198415    0.000679367      0.0279575   -0.000422855     -0.0159117      0.0054586    -0.00232224     0.00238702     0.00651281    -0.00470103     0.00328922    -0.00617145      0.0026785      0.0389369              0             -0             -0             -0              0      0.0693814      0.0250808    -0.00998852     -0.0218392    -0.00716576     0.00857345
             -0              0             -0              0              0             -0              0              0             -0             -0              0              0              0             -0              0              0             -0              0             -0              0              0             -0             -0              0              0              0             -0             -0              0             -0             -0              0             -0              0              0
             -0             -0             -0             -0             -0              0             -0              0             -0              0              0             -0              0             -0              0             -0             -0              0             -0              0             -0              0             -0             -0              0              0              0              0             -0             -0              0              0             -0              0              0
             -0             -0              0             -0              0              0              0              0             -0             -0              0              0             -0             -0              0              0             -0             -0             -0              0              0             -0              0             -0             -0              0              0              0             -0              0             -0              0             -0             -0             -0
              0              0             -0              0             -0              0             -0              0             -0              0              0             -0              0              0              0             -0              0              0             -0              0             -0              0             -0             -0             -0              0              0              0             -0             -0              0              0             -0              0              0
              0              0             -0              0             -0             -0             -0             -0              0             -0             -0              0             -0              0              0              0              0             -0              0             -0             -0             -0             -0              0              0             -0             -0             -0              0             -0             -0              0              0              0              0
      -0.156703     -0.0724681      -0.114169     -0.0154928      0.0528647    -0.00732409      -0.210414      0.0142421     -0.0269082    0.000968057      0.0403103    -0.00151885       0.313197    -0.00324401      -0.179672      0.0280817    -0.00205858      0.0248413      0.0539192     -0.0730854      0.0434095      -0.030173     -0.0173374      0.0693814             -0             -0              0             -0             -0         1.4635       0.168201     -0.0220997     -0.0742114       -0.88776      0.0547732
     -0.0508708      0.0831644      0.0168511     -0.0300047     -0.0358867      0.0199367     -0.0641513      -0.100317     -0.0408099    -0.00311441    -0.00855807     0.00978892       0.125983      0.0701883     -0.0066302     -0.0423635     -0.0549124     -0.0196421     -0.0109609      -0.117785      0.0247703     -0.0331356      0.0581421      0.0250808             -0              0             -0              0             -0       0.168201       0.770147      -0.127922       0.239242      0.0478302      0.0388637
     -0.0968395       0.197798     -0.0236511     -0.0405813      0.0133872       0.050038      0.0530507      0.0499325      0.0230466    -0.00399255     -0.0288427      0.0113922    -0.00144637      0.0328737     -0.0419534      0.0141125      0.0276091     -0.0151393      0.0452383       0.116034     -0.0394005      0.0194084     -0.0315022    -0.00998852              0              0              0              0              0     -0.0220997      -0.127922       0.609546        0.13115      -0.195895     -0.0379037
     -0.0245972       0.140879      0.0140213     -0.0624393     -0.0169736      0.0385213      0.0206375     -0.0453901    0.000774519     0.00812605     -0.0144498     0.00271684     -0.0320253      0.0475619      0.0522697     -0.0387372     -0.0113803     -0.0233049      0.0359867     -0.0112485     -0.0135355      0.0281071     0.00847332     -0.0218392             -0             -0             -0             -0              0     -0.0742114       0.239242        0.13115       0.285411      0.0271896     0.00737027
     -0.0343091       0.113036       0.067142     -0.0560835      0.0173727      0.0100587      0.0313906      0.0598475      0.0197933     0.00193384       -0.01358    -0.00401473      -0.121209      0.0110253       0.129782    -0.00590986     -0.0304077       -0.01417       0.124127    -0.00392802     -0.0320059      0.0465181      0.0533263    -0.00716576              0              0             -0              0              0       -0.88776      0.0478302      -0.195895      0.0271896        1.22703     0.00135059
    -0.00154285     -0.0130568    -0.00261426     0.00495389     0.00068234    -0.00421684     -0.0461991     0.00117581    -0.00411509     -0.0029238     0.00267984    0.000903488      0.0268999   -0.000914463     -0.0117223     0.00547614    -0.00309708      0.0027269       0.020842    0.000951057     0.00627093    -0.00482638     0.00299674     0.00857345              0              0             -0              0              0      0.0547732      0.0388637     -0.0379037     0.00737027     0.00135059      0.0622949
