       0.082899     -0.0645556      0.0190687      0.0304511     -0.0212544     -0.0141561      0.0345843     -0.0294493    -0.00224663    0.000630414    0.000449805    -0.00174561     -0.0546559     -0.0125741      0.0266821    -0.00809775     0.00264932     0.00146402     -0.0543228    -0.00530195       0.007074    -0.00726143    -0.00354739     -0.0152693    -0.00335933    -0.00323319    -0.00188121    -0.00155962      -0.156284     -0.0490429      -0.101533     -0.0247805     -0.0339919   -0.000827102
     -0.0645556       0.142301     0.00211423       -0.04837     0.00746688       0.031245      0.0147579      0.0129347     0.00953263     0.00264651     -0.0138833     0.00255571    -0.00623846      0.0320527      0.0161053     -0.0083795     -0.0022823     -0.0150001      0.0537518      0.0227909     -0.0190977      0.0226433     0.00311359    -0.00674218     0.00294723     0.00266015    -0.00328197    0.000790648     -0.0741314      0.0833554        0.20031       0.142685       0.114645     -0.0135775
      0.0190687     0.00211423      0.0273572     0.00343586    -0.00742985   -0.000470131      0.0160805    -0.00861542     0.00103676    0.000655147    -0.00342652    -0.00116232     -0.0245374     0.00316575      0.0195678    -0.00486881    -0.00230642    -0.00350522    -0.00950156    -0.00164042    8.66386e-05     0.00116061     0.00336402    -0.00716252    0.000271936    0.000501977    -0.00416499     0.00165728      -0.115926      0.0189992     -0.0251342      0.0155561      0.0688691    -0.00253771
      0.0304511       -0.04837     0.00343586      0.0475985    -0.00667386     -0.0128661     0.00229111    -0.00497425    -0.00331942    -0.00310198     0.00124805    2.71128e-05     0.00150725    -0.00998206     -0.0109085     0.00639689     0.00214821     0.00452735     -0.0320431      0.0013392     0.00768047     -0.0143759    -0.00217669      0.0017388    -0.00091225   -0.000446265    -0.00247235    0.000291403      -0.016212      -0.028482     -0.0426511     -0.0617926     -0.0552005     0.00519842
     -0.0212544     0.00746688    -0.00742985    -0.00667386      0.0357689    0.000951134      -0.011757      0.0172409     0.00323325    0.000496874     0.00210702    -0.00102835      0.0119492    -0.00213982    -0.00712547     0.00609864     0.00166545     0.00160879      0.0204809     0.00545227    -0.00190066     0.00471133    -0.00190285     0.00417412    0.000890032     0.00248322    -0.00108982   -0.000560222      0.0523081     -0.0362097      0.0146112     -0.0163965      0.0178551     0.00044629
     -0.0141561       0.031245   -0.000470131     -0.0128661    0.000951134      0.0381313     0.00452044    0.000856077     0.00195865    0.000891547     -0.0030611    0.000795206    -0.00194969     0.00761146     0.00375908    -0.00311999   -0.000153209    -0.00354778      0.0113521     0.00463327    -0.00461199     0.00565919   -2.40199e-05    -0.00216925    0.000220853    -0.00048806    9.17829e-05    2.62287e-05    -0.00724336      0.0198531      0.0502329      0.0385301      0.0100474     -0.0042403
      0.0345843      0.0147579      0.0160805     0.00229111      -0.011757     0.00452044      0.0677206     -0.0104112     0.00656713     0.00248292    -0.00782638   -0.000152143     -0.0657783     0.00125956      0.0313554    -0.00955518     0.00561919    -0.00575248     -0.0308741      0.0144274    -0.00904885     0.00703574    -0.00542568     -0.0195496    -0.00137147    2.70301e-05    -0.00135156    -0.00175239      -0.210312     -0.0636822       0.051454      0.0207415      0.0316896     -0.0459709
     -0.0294493      0.0129347    -0.00861542    -0.00497425      0.0172409    0.000856077     -0.0104112      0.0441894     0.00786842    -0.00114315     0.00094032    -0.00108698     0.00817447    -0.00660241     -0.0118009      0.0144174     0.00607488     0.00316909      0.0310959      0.0230315     -0.0062166     0.00680495    -0.00510218     0.00552408     0.00132537     0.00105626    -0.00156986   -0.000663372      0.0137531       -0.10056      0.0512688     -0.0445851      0.0605574    0.000921478
    -0.00224663     0.00953263     0.00103676    -0.00331942     0.00323325     0.00195865     0.00656713     0.00786842      0.0183059    0.000925434    -0.00149206    -0.00113221     -0.0113508   -0.000508776     0.00560973     0.00153901     0.00298362   -0.000963445      0.0072389     0.00943926    -0.00320421     0.00557341    -0.00314339    -0.00347609    0.000530368    0.000305288    -0.00230741     0.00086587     -0.0278854        -0.0398      0.0226813     0.00170378       0.020786    -0.00414268
    0.000630414     0.00264651    0.000655147    -0.00310198    0.000496874    0.000891547     0.00248292    -0.00114315    0.000925434      0.0205911    0.000235337    -0.00137186    -0.00464013    0.000702302     0.00493424    -0.00185631   -5.28336e-05   -0.000793296     0.00199635    -0.00155239   -0.000354297     0.00289916   -0.000476286     -0.0020345   -0.000104583    0.000903308   -0.000923822   -4.19393e-05      0.0005811    -0.00277947    -0.00426769     0.00842953     0.00227879    -0.00291658
    0.000449805     -0.0138833    -0.00342652     0.00124805     0.00210702     -0.0030611    -0.00782638     0.00094032    -0.00149206    0.000235337      0.0280856   -0.000511697     0.00637032    -0.00404474     -0.0033241     0.00105667   -8.91846e-05     0.00237566    0.000966977    -0.00532735     0.00210669   -0.000658175   -0.000134872     0.00242337    1.99323e-05    -0.00110276     0.00122731    -0.00122266      0.0411506    -0.00943406     -0.0282669     -0.0149227     -0.0141139     0.00265368
    -0.00174561     0.00255571    -0.00116232    2.71128e-05    -0.00102835    0.000795206   -0.000152143    -0.00108698    -0.00113221    -0.00137186   -0.000511697       0.031522     0.00342056    0.000614909    -0.00355993    1.86133e-05   -0.000420233    0.000227468    -0.00064349    0.000782449   -0.000637813    -0.00164648    0.000579266     0.00143639   -0.000966141   -0.000967262     0.00198427    -0.00182789   -0.000277619     0.00878473      0.0112751     0.00175925    -0.00497292     0.00101402
     -0.0546559    -0.00623846     -0.0245374     0.00150725      0.0119492    -0.00194969     -0.0657783     0.00817447     -0.0113508    -0.00464013     0.00637032     0.00342056       0.107639     0.00526225     -0.0573813      0.0126127    -0.00830202     0.00596581      0.0195609     -0.0202564      0.0122804     -0.0182969     0.00676077      0.0282611     -0.0022106    -0.00351611   -0.000166199    -0.00253833       0.314384       0.126296    -0.00401163     -0.0325855       -0.12149      0.0273544
     -0.0125741      0.0320527     0.00316575    -0.00998206    -0.00213982     0.00761146     0.00125956    -0.00660241   -0.000508776    0.000702302    -0.00404474    0.000614909     0.00526225      0.0207207     0.00443067    -0.00534442    -0.00398173    -0.00544175     0.00641303    -0.00313919    -0.00117352     0.00204081     0.00370448    -0.00138899    0.000496823     0.00180785    -0.00301537    0.000955678    -0.00466452      0.0714204      0.0324611       0.048751       0.012292   -0.000970333
      0.0266821      0.0161053      0.0195678     -0.0109085    -0.00712547     0.00375908      0.0313554     -0.0118009     0.00560973     0.00493424     -0.0033241    -0.00355993     -0.0573813     0.00443067      0.0611881     -0.0135367    -0.00243702    -0.00677233     0.00107436    -0.00432911    -0.00462433      0.0152325     0.00284453     -0.0172329    0.000152693   -0.000533524    -0.00440945     0.00104622      -0.181193    -0.00448291      -0.043682      0.0538233       0.131563     -0.0115984
    -0.00809775     -0.0083795    -0.00486881     0.00639689     0.00609864    -0.00311999    -0.00955518      0.0144174     0.00153901    -0.00185631     0.00105667    1.86133e-05      0.0126127    -0.00534442     -0.0135367      0.0286322     0.00295264      0.0025245     0.00547795     0.00976164    0.000466656    -0.00291012     -0.0026802     0.00507389    0.000200175   -0.000527792    -0.00129423    0.000166355      0.0277184     -0.0418228       0.013756     -0.0382594    -0.00537776     0.00549426
     0.00264932     -0.0022823    -0.00230642     0.00214821     0.00166545   -0.000153209     0.00561919     0.00607488     0.00298362   -5.28336e-05   -8.91846e-05   -0.000420233    -0.00830202    -0.00398173    -0.00243702     0.00295264      0.0301324      0.0010277     -0.0017986      0.0113284    -0.00229919     0.00185023     -0.0056262    -0.00237768     0.00124735   -0.000891597    0.000328958     0.00111017     -0.0021719     -0.0550897      0.0287205     -0.0112017     -0.0303526    -0.00326553
     0.00146402     -0.0150001    -0.00350522     0.00452735     0.00160879    -0.00354778    -0.00575248     0.00316909   -0.000963445   -0.000793296     0.00237566    0.000227468     0.00596581    -0.00544175    -0.00677233      0.0025245      0.0010277      0.0330472    -0.00168783   -0.000457068     0.00136573    -0.00258515   -0.000908799     0.00304867   -0.000367987    -0.00131409      0.0019611    -0.00104737      0.0258979     -0.0205722     -0.0148367     -0.0241054     -0.0150193     0.00276472
     -0.0543228      0.0537518    -0.00950156     -0.0320431      0.0204809      0.0113521     -0.0308741      0.0310959      0.0072389     0.00199635    0.000966977    -0.00064349      0.0195609     0.00641303     0.00107436     0.00547795     -0.0017986    -0.00168783      0.0718307     0.00996109    -0.00813551      0.0185893     0.00181387     0.00642008    -0.00135586    -0.00112604    -0.00136397     -0.0028342      0.0544617     -0.0108085      0.0437339      0.0360407        0.12438      0.0210796
    -0.00530195      0.0227909    -0.00164042      0.0013392     0.00545227     0.00463327      0.0144274      0.0230315     0.00943926    -0.00155239    -0.00532735    0.000782449     -0.0202564    -0.00313919    -0.00432911     0.00976164      0.0113284   -0.000457068     0.00996109      0.0483989    -0.00964913     0.00585787     -0.0113379    -0.00528079      0.0014253     0.00158341    -0.00156929    0.000423743     -0.0739368      -0.117707       0.117297     -0.0103749    -0.00315496     0.00068937
       0.007074     -0.0190977    8.66386e-05     0.00768047    -0.00190066    -0.00461199    -0.00904885     -0.0062166    -0.00320421   -0.000354297     0.00210669   -0.000637813      0.0122804    -0.00117352    -0.00462433    0.000466656    -0.00229919     0.00136573    -0.00813551    -0.00964913      0.0200038    -0.00565191     0.00120821     0.00262254   -0.000760495   -0.000612424    -0.00253751    8.15592e-05      0.0427437      0.0261906     -0.0412927     -0.0128449     -0.0310923     0.00649024
    -0.00726143      0.0226433     0.00116061     -0.0143759     0.00471133     0.00565919     0.00703574     0.00680495     0.00557341     0.00289916   -0.000658175    -0.00164648     -0.0182969     0.00204081      0.0152325    -0.00291012     0.00185023    -0.00258515      0.0185893     0.00585787    -0.00565191       0.032002    -0.00223869    -0.00650582    0.000515565    0.000290936    -0.00113084   -0.000310296     -0.0304879     -0.0330302       0.019739      0.0285925      0.0469939    -0.00491017
    -0.00354739     0.00311359     0.00336402    -0.00217669    -0.00190285   -2.40199e-05    -0.00542568    -0.00510218    -0.00314339   -0.000476286   -0.000134872    0.000579266     0.00676077     0.00370448     0.00284453     -0.0026802     -0.0056262   -0.000908799     0.00181387     -0.0113379     0.00120821    -0.00223869      0.0318619     0.00293213    5.83512e-05   -0.000229426    0.000860434   -0.000180385     -0.0170034      0.0577198     -0.0311275     0.00818432      0.0529893     0.00296934
     -0.0152693    -0.00674218    -0.00716252      0.0017388     0.00417412    -0.00216925     -0.0195496     0.00552408    -0.00347609     -0.0020345     0.00242337     0.00143639      0.0282611    -0.00138899     -0.0172329     0.00507389    -0.00237768     0.00304867     0.00642008    -0.00528079     0.00262254    -0.00650582     0.00293213      0.0397619   -0.000553481   -0.000646336     0.00250037    -0.00112639       0.070533      0.0239313    -0.00957456     -0.0228535    -0.00824825     0.00860573
    -0.00335933     0.00294723    0.000271936    -0.00091225    0.000890032    0.000220853    -0.00137147     0.00132537    0.000530368   -0.000104583    1.99323e-05   -0.000966141     -0.0022106    0.000496823    0.000152693    0.000200175     0.00124735   -0.000367987    -0.00135586      0.0014253   -0.000760495    0.000515565    5.83512e-05   -0.000553481     0.00582989     0.00286688    0.000318497     0.00347311    -0.00142485    -0.00149265     0.00643917     0.00129851    0.000635952     -0.0010545
    -0.00323319     0.00266015    0.000501977   -0.000446265     0.00248322    -0.00048806    2.70301e-05     0.00105626    0.000305288    0.000903308    -0.00110276   -0.000967262    -0.00351611     0.00180785   -0.000533524   -0.000527792   -0.000891597    -0.00131409    -0.00112604     0.00158341   -0.000612424    0.000290936   -0.000229426   -0.000646336     0.00286688      0.0254764   -1.21122e-06     0.00316108    -0.00448822    -0.00191741     0.00693316     0.00113192    0.000412306    -0.00133085
    -0.00188121    -0.00328197    -0.00416499    -0.00247235    -0.00108982    9.17829e-05    -0.00135156    -0.00156986    -0.00230741   -0.000923822     0.00122731     0.00198427   -0.000166199    -0.00301537    -0.00440945    -0.00129423    0.000328958      0.0019611    -0.00136397    -0.00156929    -0.00253751    -0.00113084    0.000860434     0.00250037    0.000318497   -1.21122e-06     0.00889871   -0.000128048     0.00267731    -0.00378081     0.00351057    -0.00294829    -0.00343116   -0.000270224
    -0.00155962    0.000790648     0.00165728    0.000291403   -0.000560222    2.62287e-05    -0.00175239   -0.000663372     0.00086587   -4.19393e-05    -0.00122266    -0.00182789    -0.00253833    0.000955678     0.00104622    0.000166355     0.00111017    -0.00104737     -0.0028342    0.000423743    8.15592e-05   -0.000310296   -0.000180385    -0.00112639     0.00347311     0.00316108   -0.000128048      0.0122223    -0.00381112     0.00289266     0.00135221     0.00127088      0.0010038    -0.00039981
      -0.156284     -0.0741314      -0.115926      -0.016212      0.0523081    -0.00724336      -0.210312      0.0137531     -0.0278854      0.0005811      0.0411506   -0.000277619       0.314384    -0.00466452      -0.181193      0.0277184     -0.0021719      0.0258979      0.0544617     -0.0739368      0.0427437     -0.0304879     -0.0170034       0.070533    -0.00142485    -0.00448822     0.00267731    -0.00381112        1.46598       0.166635     -0.0226049     -0.0756289      -0.889128      0.0550209
     -0.0490429      0.0833554      0.0189992      -0.028482     -0.0362097      0.0198531     -0.0636822       -0.10056        -0.0398    -0.00277947    -0.00943406     0.00878473       0.126296      0.0714204    -0.00448291     -0.0418228     -0.0550897     -0.0205722     -0.0108085      -0.117707      0.0261906     -0.0330302      0.0577198      0.0239313    -0.00149265    -0.00191741    -0.00378081     0.00289266       0.166635       0.773515      -0.132048       0.240279      0.0492937      0.0393646
      -0.101533        0.20031     -0.0251342     -0.0426511      0.0146112      0.0502329       0.051454      0.0512688      0.0226813    -0.00426769     -0.0282669      0.0112751    -0.00401163      0.0324611      -0.043682       0.013756      0.0287205     -0.0148367      0.0437339       0.117297     -0.0412927       0.019739     -0.0311275    -0.00957456     0.00643917     0.00693316     0.00351057     0.00135221     -0.0226049      -0.132048       0.619062       0.131487      -0.196548     -0.0393435
     -0.0247805       0.142685      0.0155561     -0.0617926     -0.0163965      0.0385301      0.0207415     -0.0445851     0.00170378     0.00842953     -0.0149227     0.00175925     -0.0325855       0.048751      0.0538233     -0.0382594     -0.0112017     -0.0241054      0.0360407     -0.0103749     -0.0128449      0.0285925     0.00818432     -0.0228535     0.00129851     0.00113192    -0.00294829     0.00127088     -0.0756289       0.240279       0.131487       0.286748      0.0285282      0.0072025
     -0.0339919       0.114645      0.0688691     -0.0552005      0.0178551      0.0100474      0.0316896      0.0605574       0.020786     0.00227879     -0.0141139    -0.00497292       -0.12149       0.012292       0.131563    -0.00537776     -0.0303526     -0.0150193        0.12438    -0.00315496     -0.0310923      0.0469939      0.0529893    -0.00824825    0.000635952    0.000412306    -0.00343116      0.0010038      -0.889128      0.0492937      -0.196548      0.0285282        1.22848     0.00133063
   -0.000827102     -0.0135775    -0.00253771     0.00519842     0.00044629     -0.0042403     -0.0459709    0.000921478    -0.00414268    -0.00291658     0.00265368     0.00101402      0.0273544   -0.000970333     -0.0115984     0.00549426    -0.00326553     0.00276472      0.0210796     0.00068937     0.00649024    -0.00491017     0.00296934     0.00860573     -0.0010545    -0.00133085   -0.000270224    -0.00039981      0.0550209      0.0393646     -0.0393435      0.0072025     0.00133063      0.0625256
