      0.0821172     -0.0618983      0.0182732      0.0288622     -0.0205683      -0.013711      0.0351539     -0.0313822    -0.00209409    0.000975763    -0.00055088    -0.00155109      -0.049592     -0.0120854      0.0228733     -0.0061507     0.00297957     0.00109899     -0.0536571    -0.00479997     0.00706966    -0.00765215    -0.00414161     -0.0142939    -0.00330152    -0.00357382     -0.0027567    -0.00287261    -0.00304869      -0.143002     -0.0491037     -0.0967928     -0.0218753     -0.0479907   -0.000319944
     -0.0618983       0.136417     0.00153236     -0.0469891     0.00650059      0.0295896      0.0146243      0.0130867     0.00786808     0.00195657     -0.0124817     0.00283145     -0.0119821      0.0298229      0.0197404     -0.0119665     -0.0020501     -0.0136195      0.0535695      0.0228466     -0.0206367      0.0222901     0.00383397    -0.00728162     0.00309545     0.00294339    0.000610896     0.00121615    0.000855944     -0.0921885      0.0825007       0.200728       0.137284       0.126953     -0.0133434
      0.0182732     0.00153236       0.026742     0.00256322    -0.00778766   -0.000741115      0.0151032     -0.0106001    0.000587025     0.00060058    -0.00336604   -0.000839727     -0.0242635     0.00253164      0.0185474    -0.00480782    -0.00227696    -0.00314584     -0.0109829    -0.00259344    4.42476e-05    0.000386011     0.00349859    -0.00659545     0.00265551      0.0026247    -0.00212245     0.00317091     0.00288038      -0.112162      0.0210989     -0.0260759      0.0160102      0.0630665    -0.00249158
      0.0288622     -0.0469891     0.00256322      0.0470014    -0.00633279     -0.0124877     0.00195178    -0.00494295    -0.00318963     -0.0031043    0.000988665    0.000371651     0.00354971    -0.00969094     -0.0128473     0.00740892     0.00220422     0.00447548     -0.0322116     0.00173964     0.00784449     -0.0144768    -0.00262559      0.0022737    0.000817078     0.00104053    -0.00229185    0.000961165     0.00117191    -0.00773421      -0.030464     -0.0394068     -0.0614721     -0.0622722     0.00506813
     -0.0205683     0.00650059    -0.00778766    -0.00633279      0.0351421     0.00102527      -0.010831      0.0173721      0.0029119    0.000305713     0.00241324   -0.000707873     0.00993338    -0.00277066    -0.00664004      0.0054303     0.00180269     0.00189649      0.0195854     0.00549676    -0.00225668     0.00461387    -0.00182035     0.00407272     0.00092602     0.00255056    0.000304861   -0.000438293    0.000328076      0.0462923     -0.0388581      0.0154113      -0.017359      0.0196902    5.29887e-05
      -0.013711      0.0295896   -0.000741115     -0.0124877     0.00102527      0.0376973     0.00391549     0.00127823      0.0015106    0.000756105    -0.00266878    0.000782499    -0.00170935     0.00718093     0.00411728    -0.00376124   -0.000250272    -0.00318484      0.0123103     0.00433414    -0.00485086     0.00559173    0.000269651     -0.0019661   -0.000585639    -0.00125337    0.000432218   -0.000635379    -0.00130926     -0.0081064       0.020858       0.048946      0.0365964      0.0137755    -0.00379414
      0.0351539      0.0146243      0.0151032     0.00195178      -0.010831     0.00391549      0.0685133     -0.0109954     0.00596856     0.00254125    -0.00777153   -0.000239352      -0.065136    0.000633869      0.0311667    -0.00994136     0.00616513    -0.00553249     -0.0292144      0.0159184     -0.0099013     0.00687358    -0.00572043      -0.019436      -0.002077   -0.000771176    -0.00107473    -0.00300928    -0.00287345      -0.211435     -0.0669397      0.0583927       0.019945      0.0293341     -0.0457741
     -0.0313822      0.0130867     -0.0106001    -0.00494295      0.0173721     0.00127823     -0.0109954      0.0455217      0.0070893    -0.00149571     0.00171282   -0.000634724     0.00866311    -0.00716135     -0.0123965      0.0134767     0.00633338     0.00370486      0.0320698      0.0235278    -0.00659027     0.00655801    -0.00519017     0.00601979     0.00141576     0.00119051    6.57526e-05    -0.00065216    7.76374e-05      0.0173231      -0.102641      0.0584407     -0.0459726      0.0570884     0.00152544
    -0.00209409     0.00786808    0.000587025    -0.00318963      0.0029119      0.0015106     0.00596856      0.0070893      0.0176653    0.000823596    -0.00107331   -0.000908531     -0.0115462   -0.000976091     0.00579236     0.00091721     0.00274917   -0.000674418     0.00655532     0.00835323     -0.0030641     0.00516164    -0.00277667    -0.00321706     0.00161789     0.00128235    -0.00107903     0.00151705     0.00123072     -0.0275323      -0.038037      0.0199986    0.000819945      0.0211049    -0.00384467
    0.000975763     0.00195657     0.00060058     -0.0031043    0.000305713    0.000756105     0.00254125    -0.00149571    0.000823596      0.0206001    0.000279893    -0.00127933    -0.00474882     0.00045977     0.00482372    -0.00187756   -8.48041e-05   -0.000688366     0.00170465    -0.00191511   -0.000364852     0.00280542   -0.000401359    -0.00192636     0.00020368     0.00113753   -0.000518618    2.44977e-05     0.00010827    0.000312151    -0.00288955    -0.00572635     0.00808184     0.00244299    -0.00306263
    -0.00055088     -0.0124817    -0.00336604    0.000988665     0.00241324    -0.00266878    -0.00777153     0.00171282    -0.00107331    0.000279893      0.0279037   -0.000558873      0.0066885    -0.00374553     -0.0038242     0.00162801    8.83282e-07     0.00216419     0.00130407    -0.00484431     0.00211427   -0.000421161   -0.000265239      0.0024449   -0.000342982    -0.00140253    0.000773953    -0.00126239    2.91053e-05      0.0420578     -0.0108381     -0.0266706     -0.0144791     -0.0138529     0.00234648
    -0.00155109     0.00283145   -0.000839727    0.000371651   -0.000707873    0.000782499   -0.000239352   -0.000634724   -0.000908531    -0.00127933   -0.000558873       0.031211     0.00385607    0.000983214     -0.0031656    8.64031e-05   -0.000398823    3.85818e-05   -7.35046e-05     0.00111787     -0.0003909    -0.00145556     0.00040824     0.00115786    -0.00172465    -0.00161441     0.00072516    -0.00223549    -0.00079329     0.00120609     0.00910843       0.011523     0.00192029    -0.00563041     0.00129113
      -0.049592     -0.0119821     -0.0242635     0.00354971     0.00993338    -0.00170935      -0.065136     0.00866311     -0.0115462    -0.00474882      0.0066885     0.00385607       0.109348     0.00459065     -0.0577484      0.0126067    -0.00905729     0.00683243       0.019722     -0.0227507      0.0128331      -0.018242     0.00695304      0.0289492    -0.00439745    -0.00586478   -0.000925033    -0.00547763    -0.00573876       0.316258       0.127144     -0.0186232     -0.0365555      -0.117999      0.0277788
     -0.0120854      0.0298229     0.00253164    -0.00969094    -0.00277066     0.00718093    0.000633869    -0.00716135   -0.000976091     0.00045977    -0.00374553    0.000983214     0.00459065      0.0200151     0.00399965    -0.00594497    -0.00383711     -0.0048714     0.00529988    -0.00333856    -0.00152105      0.0016703     0.00358549    -0.00122003     0.00184322     0.00301461    -0.00121714     0.00173808     0.00153234    -0.00291793      0.0711644      0.0329409      0.0473297     0.00822345    -0.00127758
      0.0228733      0.0197404      0.0185474     -0.0128473    -0.00664004     0.00411728      0.0311667     -0.0123965     0.00579236     0.00482372     -0.0038242     -0.0031656     -0.0577484     0.00399965      0.0592866       -0.01283    -0.00158745    -0.00669757    0.000739507    -0.00247774    -0.00564085      0.0147507     0.00245499     -0.0167882     0.00310872     0.00216982    -0.00199279     0.00315112     0.00401581      -0.180897    -0.00715556     -0.0315403      0.0554958       0.125238     -0.0125565
     -0.0061507     -0.0119665    -0.00480782     0.00740892      0.0054303    -0.00376124    -0.00994136      0.0134767     0.00091721    -0.00187756     0.00162801    8.64031e-05      0.0126067    -0.00594497       -0.01283      0.0281714     0.00240089     0.00287633     0.00421855      0.0076167     0.00128685    -0.00342492    -0.00219556     0.00530728     0.00071375   -9.40725e-05    -0.00098402    0.000304205    0.000248394      0.0279524     -0.0398459     0.00398516     -0.0406592    -0.00367417     0.00618594
     0.00297957     -0.0020501    -0.00227696     0.00220422     0.00180269   -0.000250272     0.00616513     0.00633338     0.00274917   -8.48041e-05    8.83282e-07   -0.000398823    -0.00905729    -0.00383711    -0.00158745     0.00240089      0.0300359    0.000886568    -0.00125652       0.011577    -0.00250225     0.00211197    -0.00543056    -0.00262056    0.000758809    -0.00132896    0.000306367    0.000747097   -0.000772992    -0.00653836     -0.0553882      0.0297811     -0.0108836     -0.0259526    -0.00298126
     0.00109899     -0.0136195    -0.00314584     0.00447548     0.00189649    -0.00318484    -0.00553249     0.00370486   -0.000674418   -0.000688366     0.00216419    3.85818e-05     0.00683243     -0.0048714    -0.00669757     0.00287633    0.000886568      0.0327329   -0.000844334   -0.000335694     0.00158317    -0.00237194    -0.00085339      0.0030131    -0.00129536    -0.00215584     0.00071852    -0.00166473    -0.00121052      0.0260515     -0.0194557     -0.0147433      -0.023253     -0.0130362     0.00291815
     -0.0536571      0.0535695     -0.0109829     -0.0322116      0.0195854      0.0123103     -0.0292144      0.0320698     0.00655532     0.00170465     0.00130407   -7.35046e-05       0.019722     0.00529988    0.000739507     0.00421855    -0.00125652   -0.000844334      0.0742694      0.0105612    -0.00941443      0.0185643     0.00178523     0.00697572     -0.0036678    -0.00347708    0.000156355    -0.00546049    -0.00525826      0.0500815     -0.0126791      0.0507492      0.0352877       0.124889      0.0216804
    -0.00479997      0.0228466    -0.00259344     0.00173964     0.00549676     0.00433414      0.0159184      0.0235278     0.00835323    -0.00191511    -0.00484431     0.00111787     -0.0227507    -0.00333856    -0.00247774      0.0076167       0.011577   -0.000335694      0.0105612      0.0498807     -0.0105902     0.00601919     -0.0112764    -0.00590016     0.00132931     0.00156739   -0.000236151    0.000183589   -0.000715067     -0.0834023      -0.119894       0.126703     -0.0106178    0.000296093     0.00130454
     0.00706966     -0.0206367    4.42476e-05     0.00784449    -0.00225668    -0.00485086     -0.0099013    -0.00659027     -0.0030641   -0.000364852     0.00211427     -0.0003909      0.0128331    -0.00152105    -0.00564085     0.00128685    -0.00250225     0.00158317    -0.00941443     -0.0105902      0.0205063    -0.00593954     0.00118344      0.0030733     0.00120009     0.00111531    -0.00193666      0.0012127     0.00225049      0.0468699      0.0252953     -0.0466597     -0.0144377     -0.0328953     0.00633376
    -0.00765215      0.0222901    0.000386011     -0.0144768     0.00461387     0.00559173     0.00687358     0.00655801     0.00516164     0.00280542   -0.000421161    -0.00145556      -0.018242      0.0016703      0.0147507    -0.00342492     0.00211197    -0.00237194      0.0185643     0.00601919    -0.00593954      0.0317723    -0.00231402    -0.00637022    0.000630759    0.000375122   -0.000118216   -0.000284678    3.70548e-05     -0.0285917     -0.0333048      0.0231598      0.0286811      0.0429874    -0.00476248
    -0.00414161     0.00383397     0.00349859    -0.00262559    -0.00182035    0.000269651    -0.00572043    -0.00519017    -0.00277667   -0.000401359   -0.000265239     0.00040824     0.00695304     0.00358549     0.00245499    -0.00219556    -0.00543056    -0.00085339     0.00178523     -0.0112764     0.00118344    -0.00231402      0.0317147     0.00303236   -0.000199773   -0.000430996     0.00075852   -9.14448e-05    0.000291187     -0.0152806      0.0576626     -0.0311633     0.00859261      0.0507223     0.00271953
     -0.0142939    -0.00728162    -0.00659545      0.0022737     0.00407272     -0.0019661      -0.019436     0.00601979    -0.00321706    -0.00192636      0.0024449     0.00115786      0.0289492    -0.00122003     -0.0167882     0.00530728    -0.00262056      0.0030131     0.00697572    -0.00590016      0.0030733    -0.00637022     0.00303236      0.0397471    -0.00205306    -0.00202285     0.00109424    -0.00216757    -0.00196237      0.0707657      0.0250446     -0.0142472     -0.0234635    -0.00574916     0.00888044
    -0.00330152     0.00309545     0.00265551    0.000817078     0.00092602   -0.000585639      -0.002077     0.00141576     0.00161789     0.00020368   -0.000342982    -0.00172465    -0.00439745     0.00184322     0.00310872     0.00071375    0.000758809    -0.00129536     -0.0036678     0.00132931     0.00120009    0.000630759   -0.000199773    -0.00205306      0.0102578     0.00726017    -0.00255613     0.00727298     0.00741337     -0.0037498     0.00123484    0.000756568     0.00164061     0.00261661    -0.00153572
    -0.00357382     0.00294339      0.0026247     0.00104053     0.00255056    -0.00125337   -0.000771176     0.00119051     0.00128235     0.00113753    -0.00140253    -0.00161441    -0.00586478     0.00301461     0.00216982   -9.40725e-05    -0.00132896    -0.00215584    -0.00347708     0.00156739     0.00111531    0.000375122   -0.000430996    -0.00202285     0.00726017      0.0298452    -0.00227924     0.00702753     0.00758264    -0.00714293    0.000376554     0.00227947     0.00139051     0.00262587    -0.00190189
     -0.0027567    0.000610896    -0.00212245    -0.00229185    0.000304861    0.000432218    -0.00107473    6.57526e-05    -0.00107903   -0.000518618    0.000773953     0.00072516   -0.000925033    -0.00121714    -0.00199279    -0.00098402    0.000306367     0.00071852    0.000156355   -0.000236151    -0.00193666   -0.000118216     0.00075852     0.00109424    -0.00255613    -0.00227924     0.00475696   -0.000673529   -0.000819413    -0.00112985    -0.00176701      0.0051518    0.000158868     0.00249848    -0.00024846
    -0.00287261     0.00121615     0.00317091    0.000961165   -0.000438293   -0.000635379    -0.00300928    -0.00065216     0.00151705    2.44977e-05    -0.00126239    -0.00223549    -0.00547763     0.00173808     0.00315112    0.000304205    0.000747097    -0.00166473    -0.00546049    0.000183589      0.0012127   -0.000284678   -9.14448e-05    -0.00216757     0.00727298     0.00702753   -0.000673529      0.0161578     0.00791825    -0.00712527     0.00470147    -0.00235061     0.00166388     0.00423271    -0.00113268
    -0.00304869    0.000855944     0.00288038     0.00117191    0.000328076    -0.00130926    -0.00287345    7.76374e-05     0.00123072     0.00010827    2.91053e-05    -0.00079329    -0.00573876     0.00153234     0.00401581    0.000248394   -0.000772992    -0.00121052    -0.00525826   -0.000715067     0.00225049    3.70548e-05    0.000291187    -0.00196237     0.00741337     0.00758264   -0.000819413     0.00791825      0.0160035    -0.00564038     0.00396539    -0.00784491    0.000778319     0.00669692    -0.00142179
      -0.143002     -0.0921885      -0.112162    -0.00773421      0.0462923     -0.0081064      -0.211435      0.0173231     -0.0275323    0.000312151      0.0420578     0.00120609       0.316258    -0.00291793      -0.180897      0.0279524    -0.00653836      0.0260515      0.0500815     -0.0834023      0.0468699     -0.0285917     -0.0152806      0.0707657     -0.0037498    -0.00714293    -0.00112985    -0.00712527    -0.00564038        1.47176       0.174463     -0.0796972     -0.0844204      -0.861802      0.0543139
     -0.0491037      0.0825007      0.0210989      -0.030464     -0.0388581       0.020858     -0.0669397      -0.102641      -0.038037    -0.00288955     -0.0108381     0.00910843       0.127144      0.0711644    -0.00715556     -0.0398459     -0.0553882     -0.0194557     -0.0126791      -0.119894      0.0252953     -0.0333048      0.0576626      0.0250446     0.00123484    0.000376554    -0.00176701     0.00470147     0.00396539       0.174463       0.784968      -0.143766       0.242377      0.0458547      0.0362571
     -0.0967928       0.200728     -0.0260759     -0.0394068      0.0154113       0.048946      0.0583927      0.0584407      0.0199986    -0.00572635     -0.0266706       0.011523     -0.0186232      0.0329409     -0.0315403     0.00398516      0.0297811     -0.0147433      0.0507492       0.126703     -0.0466597      0.0231598     -0.0311633     -0.0142472    0.000756568     0.00227947      0.0051518    -0.00235061    -0.00784491     -0.0796972      -0.143766        0.65932       0.129598      -0.157523     -0.0392777
     -0.0218753       0.137284      0.0160102     -0.0614721      -0.017359      0.0365964       0.019945     -0.0459726    0.000819945     0.00808184     -0.0144791     0.00192029     -0.0365555      0.0473297      0.0554958     -0.0406592     -0.0108836      -0.023253      0.0352877     -0.0106178     -0.0144377      0.0286811     0.00859261     -0.0234635     0.00164061     0.00139051    0.000158868     0.00166388    0.000778319     -0.0844204       0.242377       0.129598       0.284686      0.0339632     0.00688546
     -0.0479907       0.126953      0.0630665     -0.0622722      0.0196902      0.0137755      0.0293341      0.0570884      0.0211049     0.00244299     -0.0138529    -0.00563041      -0.117999     0.00822345       0.125238    -0.00367417     -0.0259526     -0.0130362       0.124889    0.000296093     -0.0328953      0.0429874      0.0507223    -0.00574916     0.00261661     0.00262587     0.00249848     0.00423271     0.00669692      -0.861802      0.0458547      -0.157523      0.0339632        1.17071    0.000950319
   -0.000319944     -0.0133434    -0.00249158     0.00506813    5.29887e-05    -0.00379414     -0.0457741     0.00152544    -0.00384467    -0.00306263     0.00234648     0.00129113      0.0277788    -0.00127758     -0.0125565     0.00618594    -0.00298126     0.00291815      0.0216804     0.00130454     0.00633376    -0.00476248     0.00271953     0.00888044    -0.00153572    -0.00190189    -0.00024846    -0.00113268    -0.00142179      0.0543139      0.0362571     -0.0392777     0.00688546    0.000950319      0.0646789
